[1100960296]
[-1429861556]
[989655811]
[510244848]
[1143893110]
[1246090599]
[983130404]
[1928258291]
[1531484871]
[-1117405410]
[-2128987022]
[1394407501]
[2001015939]
[-1428798440]
[1036480239]
[101037299]
[-715523335]
[1772089637]
[-1955502060]
[-856591423]
[885804679]
[1214190636]
[2128396623]
[698667800]
[-1610792816]
[-1053327250]
[-767829410]
[1177578004]
[-1246660307]
[269592866]
[-771323603]
[135316386]
[367624903]
[343874896]
[-2036050161]
[417747146]
[-1336329924]
[-1310812358]
[-447446271]
[35669784]
[-566696216]
[-1635318943]
[-1211701816]
[-1151747069]
[-1336329924]
[-747482038]
[-1504997888]
[-447446271]
[-1355280652]
[-713425184]
[-969815141]
[-281354723]
[129412383]
[212432343]
[917428914]
[382195342]
[912472231]
[-283192372]
[611445925]
[1937847903]
[1439065201]
[1259344644]
[2096505040]
[-1355467416]
[-964575079]
[-2005613964]
[1996331119]
//мои хвиды
[501818426]
[-1909843413]
